variant=optimized N=10
iterations=234 error=9.434872e-07 time_sec=0.000260

--- grid 10x10 ---
 10.0000  11.1111  12.2222  13.3333  14.4444  15.5556  16.6667  17.7778  18.8889  20.0000
 11.1111  12.2222  13.3333  14.4444  15.5556  16.6667  17.7778  18.8889  20.0000  21.1111
 12.2222  13.3333  14.4444  15.5555  16.6667  17.7778  18.8889  20.0000  21.1111  22.2222
 13.3333  14.4444  15.5555  16.6667  17.7778  18.8889  20.0000  21.1111  22.2222  23.3333
 14.4444  15.5556  16.6667  17.7778  18.8889  20.0000  21.1111  22.2222  23.3333  24.4444
 15.5556  16.6667  17.7778  18.8889  20.0000  21.1111  22.2222  23.3333  24.4444  25.5556
 16.6667  17.7778  18.8889  20.0000  21.1111  22.2222  23.3333  24.4444  25.5556  26.6667
 17.7778  18.8889  20.0000  21.1111  22.2222  23.3333  24.4444  25.5555  26.6667  27.7778
 18.8889  20.0000  21.1111  22.2222  23.3333  24.4444  25.5556  26.6667  27.7778  28.8889
 20.0000  21.1111  22.2222  23.3333  24.4444  25.5556  26.6667  27.7778  28.8889  30.0000
